topo_vege/asc_to_grads/SnowModel_test_dem.asc
 ncols             31
 nrows             31
 xllcorner     426192.0
 yllcorner     407812.0
 cellsize         200.0
 NODATA_value   -9999.0
   3029.35   2943.66   2877.81   2876.48   2925.09   3006.84   3030.27   3077.70   3170.27   3261.61   3336.24   3344.12   3294.25   3235.80   3187.60   3183.82   3296.78   3364.09   3404.92   3455.64   3462.36   3460.16   3439.16   3413.07   3384.32   3334.40   3379.77   3411.59   3420.57   3387.30   3370.73
   2985.93   2933.80   2885.19   2885.19   2973.98   3021.24   3068.36   3110.24   3181.67   3268.47   3340.86   3377.76   3339.16   3291.55   3237.43   3194.72   3244.99   3329.86   3379.79   3425.35   3483.91   3482.97   3467.73   3444.78   3429.97   3409.55   3408.01   3432.02   3450.81   3439.38   3435.40
   2983.77   2919.07   2884.00   2897.21   2978.45   3039.04   3087.07   3135.14   3237.90   3290.81   3346.27   3415.62   3354.48   3318.67   3277.29   3246.34   3215.50   3289.29   3348.51   3421.54   3497.93   3498.24   3486.51   3476.53   3469.56   3456.61   3452.04   3452.36   3461.40   3452.82   3421.48
   3022.58   2930.90   2887.22   2910.83   3002.34   3067.63   3118.19   3164.48   3270.81   3347.51   3388.69   3417.49   3404.21   3385.12   3337.28   3302.21   3263.57   3236.38   3299.15   3415.16   3500.62   3518.83   3521.81   3521.56   3500.45   3490.94   3480.54   3476.80   3434.81   3360.12   3319.11
   3022.54   2915.05   2890.09   2929.72   3006.64   3063.81   3147.00   3211.05   3294.82   3388.23   3420.37   3443.11   3439.54   3424.34   3384.27   3340.91   3328.52   3287.38   3275.63   3377.71   3455.79   3486.77   3530.02   3552.56   3551.43   3538.63   3517.40   3465.63   3388.13   3350.75   3323.40
   3005.01   2896.15   2892.89   2942.34   3027.91   3083.32   3172.43   3272.45   3345.51   3412.13   3446.60   3474.52   3488.35   3480.02   3435.00   3401.53   3373.74   3342.24   3289.19   3347.70   3395.27   3435.28   3506.00   3564.29   3587.47   3577.60   3542.03   3443.84   3401.34   3371.29   3341.50
   2965.21   2899.05   2908.71   2960.89   3073.25   3169.73   3183.18   3230.61   3332.60   3409.34   3462.48   3499.87   3522.92   3506.45   3488.03   3478.17   3428.70   3383.51   3315.66   3349.17   3421.12   3448.92   3500.13   3553.05   3614.43   3614.39   3583.76   3456.07   3416.36   3397.50   3322.58
   2927.84   2903.21   2943.60   3012.57   3112.85   3192.77   3278.44   3315.62   3355.83   3405.89   3489.14   3538.74   3558.74   3560.81   3548.50   3548.91   3486.49   3459.37   3357.09   3357.21   3449.10   3498.39   3520.55   3559.82   3616.89   3603.05   3517.81   3472.53   3428.49   3404.76   3315.80
   2920.68   2908.97   2961.56   3049.35   3097.36   3153.99   3206.22   3300.66   3391.73   3457.74   3521.70   3577.01   3595.44   3600.21   3608.18   3544.02   3496.22   3447.82   3378.64   3408.79   3478.92   3531.15   3556.51   3575.66   3606.43   3551.35   3482.40   3462.60   3428.96   3398.97   3340.92
   2922.30   2917.54   2992.89   3061.82   3148.14   3215.83   3248.44   3255.12   3337.86   3436.66   3522.48   3598.73   3634.50   3632.86   3589.30   3523.35   3494.27   3460.30   3409.70   3474.04   3534.38   3581.96   3599.26   3596.34   3610.52   3548.98   3464.98   3449.94   3435.21   3420.11   3362.61
   2923.25   2948.18   3019.00   3077.89   3144.00   3261.10   3323.40   3351.14   3380.45   3411.99   3487.33   3599.16   3657.74   3649.56   3583.78   3546.16   3514.10   3478.13   3472.42   3537.78   3596.53   3639.75   3639.37   3626.46   3628.95   3556.93   3485.90   3476.61   3462.08   3425.62   3412.04
   2929.42   2982.39   3033.90   3072.84   3114.05   3198.60   3259.56   3330.26   3442.15   3502.51   3574.45   3634.80   3676.46   3660.84   3585.20   3550.45   3522.77   3527.91   3569.57   3610.31   3669.15   3678.69   3644.62   3634.41   3611.28   3604.49   3556.09   3538.58   3523.31   3532.58   3514.36
   2947.53   2977.49   3038.78   3086.39   3086.56   3126.80   3194.07   3302.27   3401.22   3492.36   3559.68   3652.38   3710.11   3709.18   3613.21   3594.50   3597.75   3619.86   3651.34   3684.55   3703.02   3674.37   3630.62   3586.92   3532.72   3530.86   3513.60   3473.86   3455.06   3426.64   3400.62
   2975.69   3015.87   3078.00   3127.24   3128.16   3138.90   3132.72   3232.01   3334.09   3423.83   3493.94   3613.19   3703.67   3734.83   3670.41   3642.39   3657.13   3684.37   3714.19   3729.65   3733.56   3678.72   3597.39   3564.25   3503.04   3493.28   3461.52   3427.31   3377.45   3358.53   3329.32
   3008.69   3064.34   3137.00   3198.98   3226.71   3194.35   3167.56   3170.92   3255.91   3359.04   3480.44   3574.34   3665.91   3733.71   3731.21   3724.41   3736.55   3759.08   3769.08   3783.29   3774.39   3731.18   3623.46   3582.68   3526.41   3454.73   3440.29   3420.85   3382.48   3339.11   3307.80
   3037.33   3103.51   3177.08   3257.80   3338.19   3316.91   3231.13   3169.51   3224.27   3333.80   3452.59   3546.22   3653.08   3721.22   3744.43   3777.04   3790.34   3808.38   3761.99   3725.19   3701.76   3710.14   3682.83   3646.37   3572.91   3509.83   3484.64   3467.70   3435.38   3384.04   3368.52
   3088.49   3167.82   3218.76   3298.63   3394.70   3402.82   3300.73   3235.14   3220.75   3298.26   3402.91   3532.39   3625.05   3719.08   3761.89   3807.58   3832.48   3815.58   3740.40   3641.36   3619.59   3610.54   3633.18   3628.11   3635.89   3609.44   3591.12   3558.79   3514.29   3477.44   3464.59
   3148.93   3219.10   3272.69   3323.66   3417.38   3465.35   3365.27   3287.02   3240.49   3299.82   3393.67   3509.48   3602.86   3700.86   3762.01   3806.63   3846.22   3852.09   3728.10   3687.48   3604.04   3586.43   3584.64   3569.00   3535.12   3503.66   3467.69   3454.78   3408.92   3372.54   3341.24
   3264.97   3317.95   3369.57   3380.24   3448.37   3459.06   3386.85   3304.75   3270.10   3332.09   3452.54   3529.15   3626.74   3703.27   3760.15   3815.24   3861.64   3863.64   3761.47   3735.84   3655.69   3550.99   3548.95   3551.33   3515.28   3473.38   3430.90   3418.09   3381.10   3332.16   3294.47
   3352.36   3391.39   3460.77   3465.34   3468.92   3408.61   3357.78   3331.98   3301.77   3409.62   3505.12   3597.64   3633.01   3703.43   3766.90   3819.35   3867.76   3870.28   3776.66   3731.48   3671.70   3565.24   3547.26   3540.16   3494.59   3468.68   3431.43   3401.33   3340.20   3321.22   3302.47
   3419.73   3472.07   3545.79   3549.05   3464.41   3414.53   3375.10   3314.92   3333.47   3434.87   3552.42   3635.29   3691.23   3741.92   3776.04   3805.97   3818.72   3816.33   3801.97   3738.68   3693.10   3651.34   3606.70   3522.62   3469.58   3453.20   3410.08   3383.69   3356.58   3351.26   3336.83
   3474.34   3528.16   3590.17   3523.87   3463.52   3436.82   3393.68   3348.48   3398.88   3480.28   3562.72   3647.83   3702.54   3748.77   3758.17   3721.22   3705.96   3684.79   3722.79   3777.56   3751.22   3705.86   3630.06   3565.22   3524.34   3449.75   3436.07   3411.71   3400.88   3419.71   3453.37
   3490.97   3572.40   3612.29   3522.25   3486.40   3455.78   3420.06   3369.45   3424.55   3526.12   3592.36   3669.34   3723.34   3772.76   3737.72   3669.29   3663.76   3640.21   3631.55   3700.65   3770.55   3740.27   3645.31   3588.56   3510.61   3511.51   3544.19   3520.92   3538.00   3459.27   3418.01
   3513.43   3567.64   3621.77   3523.64   3500.07   3466.91   3449.28   3403.40   3460.92   3538.53   3621.75   3712.73   3763.52   3764.64   3734.51   3662.57   3632.94   3608.91   3595.51   3642.90   3706.87   3708.37   3687.60   3620.45   3575.21   3634.21   3638.80   3553.32   3475.61   3387.99   3336.13
   3541.90   3604.06   3623.16   3537.55   3524.57   3486.13   3444.98   3477.90   3508.93   3589.79   3652.19   3732.02   3797.93   3768.35   3711.40   3652.15   3599.83   3591.06   3560.94   3577.55   3641.88   3618.99   3605.62   3628.22   3649.69   3603.57   3537.93   3428.72   3349.42   3310.06   3268.97
   3577.74   3663.74   3619.23   3548.66   3520.22   3487.62   3461.84   3515.24   3552.46   3619.59   3676.13   3745.79   3756.85   3732.68   3671.75   3620.31   3582.63   3553.43   3535.83   3526.30   3527.27   3544.82   3528.05   3539.61   3519.51   3453.96   3393.67   3348.94   3285.01   3227.61   3180.00
   3606.34   3661.06   3608.82   3550.85   3525.62   3504.95   3496.26   3534.20   3575.83   3622.84   3697.90   3730.89   3730.13   3674.43   3610.58   3584.55   3572.14   3535.90   3504.52   3492.18   3484.42   3464.83   3453.98   3453.94   3425.48   3368.94   3311.08   3261.50   3209.29   3162.48   3154.23
   3628.23   3702.97   3630.53   3601.41   3549.73   3549.57   3552.35   3581.33   3632.47   3665.23   3713.46   3706.91   3693.05   3604.65   3570.75   3556.71   3527.13   3494.16   3454.56   3432.10   3425.88   3416.82   3417.07   3396.47   3336.81   3287.48   3240.19   3194.09   3182.52   3193.10   3239.94
   3657.79   3730.96   3661.23   3643.58   3624.63   3641.87   3656.79   3653.48   3679.64   3712.60   3686.70   3656.98   3600.95   3573.41   3546.46   3505.00   3474.79   3426.32   3395.25   3390.76   3393.75   3366.12   3356.55   3341.80   3302.02   3239.92   3206.73   3243.74   3268.30   3290.62   3362.48
   3660.11   3743.49   3743.11   3741.56   3744.97   3735.30   3714.96   3692.79   3687.10   3633.33   3598.83   3561.72   3549.92   3523.06   3505.13   3439.08   3404.75   3374.18   3350.06   3342.95   3347.03   3339.11   3292.11   3269.64   3262.75   3244.77   3254.73   3307.06   3346.74   3382.28   3457.60
   3684.75   3759.11   3815.61   3845.75   3837.16   3795.09   3755.15   3705.42   3656.12   3639.18   3595.43   3515.81   3487.81   3455.76   3451.24   3403.18   3381.52   3380.02   3395.82   3380.41   3337.33   3321.73   3299.45   3302.77   3323.48   3320.39   3355.38   3392.37   3407.52   3458.02   3511.87
